Juvignac

3.810094,43.617429,0.0 
3.810601,43.617458,0.0 
3.810689,43.617458,0.0 
3.810759,43.617458,0.0 
3.810781,43.617450,0.0 
3.810845,43.617446,0.0 
3.810912,43.617429,0.0 
3.810974,43.617415,0.0 
3.811164,43.617353,0.0 
3.811752,43.617124,0.0 
3.811963,43.617023,0.0 
3.812757,43.616687,0.0 
3.814125,43.616101,0.0 
3.814190,43.616073,0.0 
3.814259,43.616009,0.0 
3.814308,43.615969,0.0 
3.814348,43.615877,0.0 
3.814386,43.615786,0.0 
3.814560,43.615450,0.0 
3.814611,43.615396,0.0 
3.814705,43.615289,0.0 
3.814799,43.615184,0.0 
3.814852,43.615151,0.0 
3.815123,43.615005,0.0 
3.815190,43.614972,0.0 
3.815271,43.614951,0.0 
3.815346,43.614932,0.0 
3.815429,43.614920,0.0 
3.815601,43.614914,0.0 
3.815941,43.614945,0.0 
3.816032,43.614953,0.0 
3.816105,43.614972,0.0 
3.817897,43.615450,0.0 
3.817966,43.615481,0.0 
3.818041,43.615514,0.0 
3.818098,43.615561,0.0 
3.818146,43.615603,0.0 
3.818178,43.615670,0.0 
3.818192,43.615730,0.0 
3.818197,43.615790,0.0 
3.818173,43.615852,0.0 
3.817642,43.616943,0.0 
3.817626,43.617000,0.0 
3.817626,43.617064,0.0 
3.817647,43.617116,0.0 
3.817695,43.617174,0.0 
3.817746,43.617219,0.0 
3.817829,43.617248,0.0 
3.818412,43.617390,0.0 
3.818642,43.617417,0.0 
3.818720,43.617413,0.0 
3.818808,43.617406,0.0 
3.818884,43.617378,0.0 
3.818996,43.617316,0.0 
3.819058,43.617254,0.0 
3.819066,43.617233,0.0 
3.819106,43.617186,0.0 
3.819211,43.617009,0.0 

Mosson

3.819208,43.617017,0.0 
3.819608,43.616207,0.0 
3.819785,43.615852,0.0 
3.819814,43.615792,0.0 
3.819860,43.615749,0.0 
3.819973,43.615652,0.0 
3.820117,43.615588,0.0 
3.820337,43.615530,0.0 
3.820724,43.615464,0.0 
3.821375,43.615355,0.0 
3.821577,43.615306,0.0 
3.821684,43.615283,0.0 
3.821906,43.615244,0.0 
3.822792,43.615137,0.0 
3.823827,43.615013,0.0 
3.824001,43.614988,0.0 
3.824224,43.614970,0.0 
3.824436,43.614955,0.0 
3.824857,43.614945,0.0 
3.825442,43.614951,0.0 
3.825535,43.614955,0.0 
3.825629,43.614967,0.0 
3.825737,43.614994,0.0 
3.825852,43.615073,0.0 
3.825932,43.615213,0.0 
3.825908,43.615541,0.0 

Celleneuve

3.825916,43.615534,0.0 
3.825894,43.616219,0.0 
3.825876,43.616588,0.0 
3.825880,43.616681,0.0 
3.825884,43.616745,0.0 
3.825903,43.616805,0.0 
3.825975,43.616917,0.0 
3.826139,43.617106,0.0 
3.826258,43.617191,0.0 
3.826480,43.617289,0.0 
3.827021,43.617465,0.0 
3.827426,43.617595,0.0 
3.828781,43.618023,0.0 
3.829405,43.618207,0.0 
3.829679,43.618304,0.0 
3.829895,43.618381,0.0 
3.830085,43.618462,0.0 
3.830401,43.618621,0.0 
3.830758,43.618799,0.0 
3.831088,43.618965,0.0 
3.831349,43.619106,0.0 
3.831817,43.619393,0.0 
3.832064,43.619548,0.0 

Pilory

3.832056,43.619544,0.0 
3.832384,43.619753,0.0 
3.832452,43.619787,0.0 
3.832642,43.619918,0.0 
3.832822,43.620055,0.0 
3.833274,43.620441,0.0 
3.833668,43.620773,0.0 
3.834078,43.621124,0.0 
3.834365,43.621379,0.0 
3.834777,43.621744,0.0 
3.835057,43.621971,0.0

Hôtel du Département

3.835059,43.621970,0.0 
3.835332,43.622195,0.0 
3.835362,43.622221,0.0 
3.835393,43.622239,0.0 
3.835433,43.622261,0.0 
3.835466,43.622270,0.0 
3.835520,43.622281,0.0 
3.835564,43.622285,0.0 
3.835613,43.622287,0.0 
3.835672,43.622279,0.0 
3.835690,43.622273,0.0 
3.835725,43.622262,0.0 
3.835790,43.622229,0.0 
3.835846,43.622187,0.0 
3.835891,43.622129,0.0 
3.835989,43.622014,0.0 
3.836064,43.621926,0.0 
3.836098,43.621889,0.0 
3.836145,43.621819,0.0 
3.836201,43.621742,0.0 
3.836294,43.621615,0.0 
3.836365,43.621501,0.0 
3.836555,43.621228,0.0 
3.836693,43.621067,0.0 
3.836876,43.620857,0.0 
3.837045,43.620668,0.0 
3.837223,43.620459,0.0 
3.837482,43.620161,0.0 
3.837663,43.619951,0.0 
3.837824,43.619767,0.0 
3.838047,43.619503,0.0 
3.838244,43.619266,0.0 
3.838442,43.619025,0.0 
3.838678,43.618743,0.0 
3.838863,43.618514,0.0 
3.839133,43.618199,0.0 
3.839356,43.617932,0.0 
3.839390,43.617885,0.0 

Pergola

3.839386,43.617886,0.0 
3.839429,43.617832,0.0 
3.839726,43.617434,0.0 
3.840058,43.616996,0.0 
3.840174,43.616871,0.0 
3.840356,43.616693,0.0 
3.840493,43.616574,0.0 
3.840587,43.616471,0.0 
3.840627,43.616418,0.0 
3.840640,43.616379,0.0 
3.840643,43.616326,0.0 
3.840622,43.616231,0.0 
3.840549,43.616155,0.0 
3.840289,43.615952,0.0 
3.840018,43.615753,0.0 
3.839930,43.615679,0.0 
3.839884,43.615629,0.0 
3.839829,43.615545,0.0 
3.839688,43.615266,0.0 
3.839580,43.615045,0.0 
3.839522,43.614911,0.0 
3.839432,43.614735,0.0 
3.839354,43.614589,0.0 
3.839301,43.614479,0.0 
3.839179,43.614275,0.0 
3.839011,43.614026,0.0 
3.838921,43.613887,0.0 
3.838896,43.613838,0.0 
3.838877,43.613800,0.0 
3.838871,43.613759,0.0 
3.838892,43.613689,0.0 
3.838918,43.613638,0.0 
3.838955,43.613601,0.0 
3.839007,43.613553,0.0 
3.839074,43.613522,0.0 
3.839169,43.613497,0.0 
3.839260,43.613494,0.0 
3.839649,43.613496,0.0 

Tonnelles

3.839645,43.613490,0.0 
3.840052,43.613493,0.0 
3.840100,43.613493,0.0 
3.840225,43.613483,0.0 
3.840475,43.613460,0.0 
3.841068,43.613364,0.0 
3.841835,43.613244,0.0 
3.842667,43.613114,0.0 
3.842958,43.613057,0.0 
3.843241,43.612990,0.0 
3.843682,43.612867,0.0 
3.844239,43.612709,0.0 
3.844318,43.612685,0.0 
3.844476,43.612629,0.0 
3.844778,43.612510,0.0 
3.845184,43.612322,0.0 
3.845403,43.612217,0.0 
3.845541,43.612145,0.0 
3.845820,43.611959,0.0 
3.846168,43.611680,0.0 
3.846230,43.611632,0.0 
3.846274,43.611609,0.0 
3.846394,43.611546,0.0 
3.846714,43.611371,0.0

Jules Guesde

3.846710,43.611375,0.0 
3.847049,43.611185,0.0 
3.847264,43.611083,0.0 
3.847426,43.611030,0.0 
3.847754,43.610950,0.0 
3.848157,43.610853,0.0 
3.848443,43.610790,0.0 
3.848505,43.610780,0.0 
3.848784,43.610707,0.0 
3.849667,43.610487,0.0 
3.849938,43.610425,0.0 
3.850131,43.610383,0.0 
3.850428,43.610344,0.0 
3.850725,43.610302,0.0 
3.851039,43.610270,0.0 
3.851415,43.610224,0.0 
3.852248,43.610142,0.0 
3.852384,43.610130,0.0 
3.852948,43.610115,0.0 
3.853259,43.610118,0.0 
3.853567,43.610116,0.0 
3.853819,43.610128,0.0 
3.854372,43.610174,0.0 
3.854941,43.610234,0.0 

Astruc

3.854934,43.610231,0.0 
3.855402,43.610287,0.0 
3.855871,43.610330,0.0 
3.856385,43.610362,0.0 
3.856727,43.610390,0.0 
3.857149,43.610435,0.0 
3.857616,43.610488,0.0 
3.857922,43.610495,0.0 
3.858087,43.610482,0.0 
3.858324,43.610446,0.0 
3.858922,43.610330,0.0 
3.859710,43.610184,0.0 
3.860051,43.610131,0.0 
3.860432,43.610084,0.0 
3.861116,43.610018,0.0 
3.861537,43.609972,0.0 
3.861556,43.609970,0.0 

Les Arceaux

3.861541,43.609973,0.0 
3.862031,43.609911,0.0 
3.862718,43.609813,0.0 
3.863414,43.609708,0.0 
3.864158,43.609573,0.0 
3.864444,43.609515,0.0 
3.865069,43.609410,0.0 
3.865785,43.609282,0.0 
3.866522,43.609147,0.0 
3.866930,43.609069,0.0 
3.867061,43.609034,0.0 
3.867256,43.608957,0.0 
3.867466,43.608856,0.0 
3.867660,43.608738,0.0 
3.868075,43.608529,0.0 

Plan Cabanes

3.868074,43.608531,0.0 
3.868441,43.608346,0.0 
3.868649,43.608245,0.0 
3.868820,43.608157,0.0 
3.869387,43.607887,0.0 
3.869926,43.607630,0.0 
3.870467,43.607339,0.0 
3.870763,43.607185,0.0 
3.870854,43.607144,0.0 
3.871255,43.606962,0.0 
3.871342,43.606921,0.0 
3.871509,43.606831,0.0 
3.871718,43.606717,0.0 
3.872058,43.606529,0.0 
3.872412,43.606349,0.0 
3.872624,43.606249,0.0 
3.873005,43.606051,0.0 
3.873417,43.605849,0.0 
3.873955,43.605582,0.0 
3.873969,43.605575,0.0 

Saint-Denis

3.873960,43.605578,0.0 
3.874212,43.605458,0.0 
3.874372,43.605381,0.0 
3.874475,43.605327,0.0 
3.874562,43.605296,0.0 
3.874653,43.605282,0.0 
3.874782,43.605280,0.0 
3.874871,43.605293,0.0 
3.875021,43.605357,0.0 
3.875072,43.605395,0.0 
3.875205,43.605579,0.0 
3.875470,43.605961,0.0 
3.875765,43.606389,0.0 
3.875804,43.606443,0.0 
3.875850,43.606472,0.0 
3.875941,43.606512,0.0 
3.876023,43.606530,0.0 
3.876110,43.606536,0.0 
3.876155,43.606536,0.0 
3.876239,43.606533,0.0 
3.876358,43.606511,0.0 
3.876479,43.606463,0.0 
3.876758,43.606359,0.0 

Observatoire

3.876759,43.606360,0.0 
3.876984,43.606269,0.0 
3.877086,43.606224,0.0 
3.877475,43.606057,0.0 
3.877966,43.605863,0.0 
3.878202,43.605775,0.0 
3.878781,43.605551,0.0 
3.879286,43.605362,0.0 
3.879743,43.605190,0.0 
3.879780,43.605177,0.0 
3.879819,43.605160,0.0 

Gare Saint-Roch

3.879817,43.605162,0.0 
3.880023,43.605086,0.0 
3.880096,43.605049,0.0 
3.880313,43.604985,0.0 
3.880477,43.605009,0.0 
3.880670,43.605029,0.0 
3.880781,43.605109,0.0 
3.880808,43.605129,0.0 
3.881085,43.605310,0.0 
3.881221,43.605402,0.0 
3.881417,43.605529,0.0 
3.881588,43.605636,0.0 
3.881646,43.605668,0.0 
3.881694,43.605704,0.0 
3.881748,43.605720,0.0 
3.881812,43.605740,0.0 
3.881893,43.605745,0.0 
3.881944,43.605743,0.0 
3.881996,43.605727,0.0 
3.882062,43.605712,0.0 
3.882153,43.605645,0.0 
3.882211,43.605586,0.0 
3.882249,43.605550,0.0 
3.882321,43.605475,0.0 
3.882524,43.605271,0.0 
3.882743,43.605055,0.0 
3.882968,43.604835,0.0 
3.883160,43.604627,0.0 
3.883294,43.604510,0.0 
3.883412,43.604424,0.0 
3.883494,43.604373,0.0 
3.883623,43.604291,0.0 
3.883739,43.604183,0.0 
3.883911,43.604010,0.0 
3.884256,43.603671,0.0

Place Carnot

3.884238,43.603692,0.0 
3.884299,43.603634,0.0 
3.884503,43.603430,0.0 
3.884562,43.603387,0.0 
3.884631,43.603355,0.0 
3.884717,43.603337,0.0 
3.885314,43.603368,0.0 
3.886211,43.603430,0.0 
3.887397,43.603510,0.0 
3.887909,43.603546,0.0 
3.888035,43.603568,0.0 
3.888370,43.603629,0.0 
3.888574,43.603670,0.0 
3.888617,43.603677,0.0 
3.889133,43.603713,0.0 

Voltaire

3.889128,43.603711,0.0 
3.889431,43.603734,0.0 
3.889652,43.603746,0.0 
3.889776,43.603745,0.0 
3.889914,43.603728,0.0 
3.890111,43.603686,0.0 
3.890153,43.603679,0.0 
3.890212,43.603659,0.0 
3.890271,43.603656,0.0 
3.890485,43.603645,0.0 
3.890653,43.603660,0.0 
3.891120,43.603699,0.0 
3.891573,43.603734,0.0 
3.891982,43.603769,0.0 
3.892449,43.603807,0.0 
3.892548,43.603807,0.0 
3.892950,43.603880,0.0 
3.893116,43.603916,0.0 
3.893285,43.603947,0.0 
3.893495,43.603971,0.0 
3.893749,43.603985,0.0 
3.894070,43.604004,0.0 

Rives du Lez

3.894063,43.604004,0.0 
3.894392,43.604025,0.0 
3.894458,43.604034,0.0 
3.894632,43.604028,0.0 
3.894770,43.603979,0.0 
3.894889,43.603859,0.0 
3.894923,43.603776,0.0 
3.894896,43.603629,0.0 
3.894826,43.603470,0.0 
3.894750,43.603271,0.0 
3.894684,43.603084,0.0 
3.894597,43.602820,0.0 
3.894559,43.602636,0.0 
3.894534,43.602544,0.0 
3.894527,43.602484,0.0 
3.894546,43.602393,0.0 
3.894561,43.602323,0.0 
3.894596,43.602254,0.0 
3.894665,43.602163,0.0 
3.894888,43.601898,0.0 
3.895001,43.601767,0.0 
3.895023,43.601741,0.0 
3.895050,43.601683,0.0 
3.895072,43.601619,0.0 
3.895095,43.601426,0.0 
3.895112,43.601244,0.0 
3.895133,43.601086,0.0 
3.895150,43.601037,0.0 
3.895194,43.600945,0.0 
3.895332,43.600787,0.0 
3.895506,43.600609,0.0 
3.895520,43.600603,0.0 

Moularès

3.895509,43.600607,0.0 
3.895804,43.600317,0.0 
3.895864,43.600273,0.0 
3.895934,43.600243,0.0 
3.896056,43.600225,0.0 
3.896150,43.600227,0.0 
3.896253,43.600246,0.0 
3.896727,43.600486,0.0 
3.897413,43.600820,0.0 
3.898215,43.601109,0.0 
3.899408,43.601515,0.0 
3.899457,43.601535,0.0 

Port-Marianne

3.899438,43.601526,0.0 
3.899788,43.601649,0.0 
3.900251,43.601800,0.0 
3.900357,43.601836,0.0 
3.900440,43.601866,0.0 
3.900632,43.601887,0.0 
3.900758,43.601876,0.0 
3.900908,43.601818,0.0 
3.901006,43.601738,0.0 
3.901089,43.601608,0.0 
3.901191,43.601400,0.0 
3.901332,43.601120,0.0 
3.901465,43.600859,0.0 
3.901635,43.600519,0.0 
3.901858,43.600133,0.0 
3.902059,43.599813,0.0 
3.902339,43.599386,0.0 
3.902636,43.598948,0.0 
3.902847,43.598623,0.0 
3.903121,43.598225,0.0 
3.903401,43.597834,0.0 
3.903444,43.597769,0.0 

Pablo Picasso

3.903470,43.597761,0.0 
3.903688,43.597453,0.0 
3.904006,43.597012,0.0 
3.904276,43.596621,0.0 
3.904577,43.596148,0.0 
3.904851,43.595730,0.0 
3.905142,43.595275,0.0 
3.905361,43.594974,0.0 
3.905448,43.594861,0.0 
3.905484,43.594804,0.0 
3.905656,43.594465,0.0 
3.905783,43.594204,0.0 
3.905917,43.593962,0.0 
3.906033,43.593735,0.0 
3.906143,43.593551,0.0 
3.906349,43.593203,0.0 
3.906561,43.592901,0.0 
3.906856,43.592519,0.0 
3.907156,43.592192,0.0 
3.907435,43.591914,0.0 
3.907595,43.591770,0.0 
3.907870,43.591547,0.0 
3.908129,43.591360,0.0 
3.908278,43.591255,0.0 
3.908424,43.591156,0.0 
3.908577,43.591074,0.0 
3.908767,43.590976,0.0 
3.909109,43.590801,0.0 
3.909605,43.590548,0.0 
3.909988,43.590346,0.0 
3.910476,43.590106,0.0 
3.910827,43.589932,0.0 
3.911178,43.589762,0.0 
3.911465,43.589625,0.0 
3.912034,43.589350,0.0 
3.912466,43.589143,0.0 
3.912997,43.588884,0.0 
3.913493,43.588641,0.0 
3.914158,43.588315,0.0 
3.914716,43.588040,0.0 
3.915152,43.587831,0.0 
3.915638,43.587594,0.0 
3.916157,43.587343,0.0 
3.916566,43.587144,0.0 
3.917221,43.586821,0.0 
3.917866,43.586509,0.0 
3.918336,43.586280,0.0 
3.918969,43.585971,0.0 
3.919508,43.585711,0.0 
3.919999,43.585467,0.0 
3.920593,43.585175,0.0 
3.921297,43.584827,0.0 
3.922047,43.584457,0.0 
3.922795,43.584091,0.0 
3.923505,43.583741,0.0 
3.924278,43.583356,0.0 
3.924876,43.583056,0.0 
3.925296,43.582846,0.0 
3.925448,43.582775,0.0 
3.925976,43.582520,0.0

Boirargues

3.925979,43.582519,0.0 
3.926256,43.582382,0.0 
3.926726,43.582155,0.0 
3.926979,43.582032,0.0 
3.927068,43.581966,0.0 
3.927120,43.581899,0.0 
3.927143,43.581819,0.0 
3.927160,43.581606,0.0 
3.927179,43.581388,0.0 
3.927170,43.581228,0.0 
3.927143,43.581177,0.0 
3.927108,43.581133,0.0 
3.926951,43.580989,0.0 
3.926692,43.580775,0.0 
3.926527,43.580687,0.0 
3.926340,43.580610,0.0 
3.926187,43.580548,0.0 
3.925924,43.580443,0.0 
3.925712,43.580344,0.0 
3.925615,43.580286,0.0 
3.925519,43.580222,0.0 
3.925189,43.579937,0.0 
3.924976,43.579744,0.0 
3.924612,43.579410,0.0 
3.924348,43.579164,0.0 
3.924195,43.579014,0.0 
3.924136,43.578933,0.0 
3.924025,43.578731,0.0 
3.923900,43.578482,0.0 
3.923724,43.578151,0.0 
3.923491,43.577714,0.0 
3.923301,43.577368,0.0 
3.923011,43.576817,0.0 
3.922979,43.576747,0.0 
3.922949,43.576697,0.0 
3.922925,43.576635,0.0 
3.922876,43.576541,0.0 
3.922841,43.576427,0.0 
3.922822,43.576329,0.0 
3.922815,43.576231,0.0 
3.922786,43.575862,0.0 
3.922758,43.575347,0.0 
3.922748,43.574973,0.0 
3.922733,43.574755,0.0 
3.922700,43.574688,0.0 
3.922589,43.574536,0.0 
3.922462,43.574427,0.0 
3.922293,43.574323,0.0 
3.921659,43.573987,0.0 
3.921053,43.573693,0.0 
3.920444,43.573403,0.0 
3.919839,43.573111,0.0 
3.919289,43.572838,0.0 
3.919192,43.572788,0.0 
3.919079,43.572740,0.0 
3.918815,43.572631,0.0 
3.918510,43.572524,0.0 
3.918058,43.572372,0.0 
3.917546,43.572204,0.0 
3.916839,43.571989,0.0 
3.915890,43.571708,0.0 
3.915443,43.571588,0.0 
3.914837,43.571436,0.0 
3.914716,43.571406,0.0 
3.914506,43.571378,0.0 
3.914062,43.571351,0.0 
3.914026,43.571352,0.0 

Courgourlude

3.914062,43.571348,0.0 
3.913873,43.571338,0.0 
3.913629,43.571322,0.0 
3.913474,43.571324,0.0 
3.913244,43.571338,0.0 
3.913085,43.571355,0.0 
3.912537,43.571457,0.0 
3.911798,43.571595,0.0 
3.911495,43.571633,0.0 
3.911153,43.571670,0.0 
3.910760,43.571695,0.0 
3.910501,43.571710,0.0 
3.910209,43.571715,0.0 
3.909943,43.571714,0.0 
3.909557,43.571702,0.0 
3.909136,43.571668,0.0 
3.908457,43.571585,0.0 
3.907814,43.571465,0.0 
3.907201,43.571318,0.0 
3.906671,43.571194,0.0 
3.906172,43.571098,0.0 
3.906042,43.571071,0.0 
3.905736,43.571005,0.0 
3.905692,43.570994,0.0 
3.905638,43.570979,0.0 
3.905595,43.570962,0.0 
3.905496,43.570915,0.0 
3.905123,43.570707,0.0 
3.905079,43.570689,0.0 

Lattes Centre

