Lattes Centre

3.905190,43.570650,0.0 
3.905601,43.570879,0.0 
3.905742,43.570958,0.0 
3.905780,43.570975,0.0 
3.905817,43.570991,0.0 
3.905927,43.571032,0.0 
3.906049,43.571069,0.0 
3.906467,43.571152,0.0 
3.906670,43.571191,0.0 
3.907037,43.571275,0.0 
3.907449,43.571378,0.0 
3.907936,43.571488,0.0 
3.908145,43.571530,0.0 
3.908414,43.571577,0.0 
3.908755,43.571625,0.0 
3.909173,43.571672,0.0 
3.909438,43.571692,0.0 
3.909690,43.571709,0.0 
3.910120,43.571719,0.0 
3.910379,43.571715,0.0 
3.910591,43.571706,0.0 
3.910933,43.571685,0.0 
3.911154,43.571668,0.0 
3.911329,43.571652,0.0 
3.911751,43.571599,0.0 
3.912169,43.571527,0.0 
3.912666,43.571436,0.0 
3.913081,43.571355,0.0 
3.913378,43.571302,0.0 
3.913419,43.571297,0.0 
3.913461,43.571292,0.0 
3.913547,43.571291,0.0 
3.913630,43.571293,0.0 
3.913763,43.571301,0.0 
3.914044,43.571319,0.0 

Courgourlude

3.905190,43.570650,0.0 
3.905601,43.570879,0.0 
3.905742,43.570958,0.0 
3.905780,43.570975,0.0 
3.905817,43.570991,0.0 
3.905927,43.571032,0.0 
3.906049,43.571069,0.0 
3.906467,43.571152,0.0 
3.906670,43.571191,0.0 
3.907037,43.571275,0.0 
3.907449,43.571378,0.0 
3.907936,43.571488,0.0 
3.908145,43.571530,0.0 
3.908414,43.571577,0.0 
3.908755,43.571625,0.0 
3.909173,43.571672,0.0 
3.909438,43.571692,0.0 
3.909690,43.571709,0.0 
3.910120,43.571719,0.0 
3.910379,43.571715,0.0 
3.910591,43.571706,0.0 
3.910933,43.571685,0.0 
3.911154,43.571668,0.0 
3.911329,43.571652,0.0 
3.911751,43.571599,0.0 
3.912169,43.571527,0.0 
3.912666,43.571436,0.0 
3.913081,43.571355,0.0 
3.913378,43.571302,0.0 
3.913419,43.571297,0.0 
3.913461,43.571292,0.0 
3.913547,43.571291,0.0 
3.913630,43.571293,0.0 
3.913763,43.571301,0.0 
3.914044,43.571319,0.0 

Boirargues
 3.926022,43.582549,0.0 
3.925668,43.582723,0.0 
3.925418,43.582845,0.0 
3.925373,43.582866,0.0 
3.925312,43.582889,0.0 
3.925291,43.582893,0.0 
3.925225,43.582924,0.0 
3.924757,43.583152,0.0 
3.924233,43.583417,0.0 
3.923771,43.583644,0.0 
3.923386,43.583843,0.0 
3.922959,43.584052,0.0 
3.922673,43.584195,0.0 
3.922125,43.584465,0.0 
3.921655,43.584698,0.0 
3.921166,43.584943,0.0 
3.920629,43.585204,0.0 
3.920166,43.585433,0.0 
3.919631,43.585691,0.0 
3.919153,43.585926,0.0 
3.918828,43.586083,0.0 
3.918474,43.586259,0.0 
3.917905,43.586534,0.0 
3.917401,43.586779,0.0 
3.916980,43.586989,0.0 
3.916501,43.587221,0.0 
3.915970,43.587481,0.0 
3.915403,43.587757,0.0 
3.914833,43.588035,0.0 
3.914264,43.588315,0.0 
3.913781,43.588550,0.0 
3.913177,43.588846,0.0 
3.912640,43.589109,0.0 
3.911927,43.589449,0.0 
3.911392,43.589709,0.0 
3.910948,43.589927,0.0 
3.910595,43.590106,0.0 
3.910311,43.590249,0.0 
3.909923,43.590444,0.0 
3.909426,43.590696,0.0 
3.909041,43.590893,0.0 
3.908734,43.591059,0.0 
3.908658,43.591098,0.0 
3.908593,43.591131,0.0 
3.908488,43.591182,0.0 
3.908220,43.591347,0.0 
3.907823,43.591629,0.0 
3.907568,43.591844,0.0 
3.907411,43.591989,0.0 
3.907087,43.592318,0.0 
3.906754,43.592706,0.0 
3.906628,43.592872,0.0 
3.906364,43.593261,0.0 
3.906172,43.593577,0.0 
3.906023,43.593830,0.0 
3.905801,43.594267,0.0 
3.905624,43.594633,0.0 
3.905508,43.594867,0.0 
3.905429,43.595078,0.0 
3.905370,43.595227,0.0 
3.905223,43.595484,0.0 
3.905037,43.595734,0.0 
3.904835,43.596040,0.0 
3.904665,43.596292,0.0 
3.904427,43.596644,0.0 
3.904218,43.596950,0.0 
3.903985,43.597283,0.0 
3.903792,43.597561,0.0 
3.903620,43.597809,0.0 

Pablo Picasso

3.903619,43.597809,0.0 
3.903366,43.598169,0.0 
3.903156,43.598471,0.0 
3.902928,43.598809,0.0 
3.902650,43.599224,0.0 
3.902410,43.599590,0.0 
3.902155,43.599985,0.0 
3.902067,43.600125,0.0 
3.901946,43.600332,0.0 
3.901800,43.600592,0.0 
3.901665,43.600854,0.0 
3.901501,43.601177,0.0 
3.901352,43.601467,0.0 
3.901234,43.601699,0.0 
3.901159,43.601847,0.0 
3.901120,43.601901,0.0 
3.901097,43.601926,0.0 
3.901034,43.601968,0.0 
3.900954,43.601992,0.0 
3.900923,43.602003,0.0 
3.900871,43.601999,0.0 
3.900687,43.601985,0.0 
3.900597,43.601958,0.0 
3.900446,43.601905,0.0 
3.900391,43.601883,0.0 
3.900251,43.601837,0.0 
3.899932,43.601726,0.0 
3.899523,43.601590,0.0 

Port Marianne

3.899531,43.601592,0.0 
3.899198,43.601480,0.0 
3.898997,43.601419,0.0 
3.898612,43.601288,0.0 
3.898026,43.601092,0.0 
3.897715,43.600988,0.0 
3.897553,43.600929,0.0 
3.897413,43.600870,0.0 
3.897176,43.600762,0.0 
3.896931,43.600637,0.0 
3.896512,43.600418,0.0 
3.896299,43.600310,0.0 
3.896173,43.600261,0.0 
3.896129,43.600252,0.0 
3.896092,43.600245,0.0 
3.896047,43.600246,0.0 
3.896008,43.600251,0.0 
3.895962,43.600262,0.0 
3.895925,43.600272,0.0 
3.895850,43.600310,0.0 
3.895809,43.600342,0.0 
3.895537,43.600621,0.0 

Moularès

3.895548,43.600614,0.0 
3.895410,43.600750,0.0 
3.895268,43.600903,0.0 
3.895194,43.601012,0.0 
3.895180,43.601043,0.0 
3.895158,43.601168,0.0 
3.895135,43.601376,0.0 
3.895117,43.601610,0.0 
3.895088,43.601692,0.0 
3.895042,43.601781,0.0 
3.894883,43.601963,0.0 
3.894769,43.602095,0.0 
3.894633,43.602255,0.0 
3.894594,43.602340,0.0 
3.894585,43.602401,0.0 
3.894577,43.602457,0.0 
3.894590,43.602524,0.0 
3.894644,43.602741,0.0 
3.894742,43.603106,0.0 
3.894798,43.603256,0.0 
3.894881,43.603463,0.0 
3.894968,43.603673,0.0 
3.894979,43.603736,0.0 
3.894967,43.603806,0.0 
3.894920,43.603895,0.0 
3.894897,43.603930,0.0 
3.894854,43.603967,0.0 
3.894848,43.603986,0.0 
3.894765,43.604034,0.0 
3.894686,43.604061,0.0 
3.894577,43.604067,0.0 
3.894323,43.604072,0.0 
3.894220,43.604060,0.0 
3.894047,43.604047,0.0 

Rives du Lez

3.894048,43.604046,0.0 
3.893665,43.604022,0.0 
3.893492,43.604008,0.0 
3.893277,43.603989,0.0 
3.893024,43.603934,0.0 
3.892792,43.603885,0.0 
3.892576,43.603851,0.0 
3.892546,43.603841,0.0 
3.892477,43.603841,0.0 
3.892123,43.603817,0.0 
3.891500,43.603770,0.0 
3.890855,43.603723,0.0 
3.890437,43.603692,0.0 
3.890390,43.603691,0.0 
3.890350,43.603695,0.0 
3.890296,43.603702,0.0 
3.890179,43.603731,0.0 
3.889957,43.603757,0.0 
3.889752,43.603781,0.0 
3.889446,43.603766,0.0 
3.889100,43.603745,0.0 

Voltaire

3.889101,43.603743,0.0 
3.888731,43.603716,0.0 
3.888647,43.603713,0.0 
3.888478,43.603687,0.0 
3.888192,43.603626,0.0 
3.887855,43.603574,0.0 
3.887427,43.603540,0.0 
3.886957,43.603506,0.0 
3.885785,43.603430,0.0 
3.884971,43.603379,0.0 
3.884802,43.603368,0.0 
3.884718,43.603376,0.0 
3.884599,43.603422,0.0 
3.884289,43.603712,0.0 

Place Carnot

3.884288,43.603715,0.0 
3.883986,43.604015,0.0 
3.883698,43.604293,0.0 
3.883430,43.604465,0.0 
3.883334,43.604524,0.0 
3.883101,43.604749,0.0 
3.882837,43.605014,0.0 
3.882519,43.605348,0.0 
3.882347,43.605525,0.0 
3.882153,43.605688,0.0 
3.882098,43.605734,0.0 
3.882060,43.605746,0.0 
3.881979,43.605778,0.0 
3.881894,43.605786,0.0 
3.881807,43.605780,0.0 
3.881726,43.605765,0.0 
3.881650,43.605737,0.0 
3.881515,43.605658,0.0 
3.881395,43.605573,0.0 
3.881244,43.605474,0.0 
3.881016,43.605322,0.0 
3.880831,43.605199,0.0 
3.880704,43.605101,0.0 
3.880611,43.605040,0.0 
3.880452,43.605007,0.0 
3.880363,43.605003,0.0 
3.880308,43.605018,0.0 
3.880204,43.605054,0.0 
3.880015,43.605122,0.0 
3.879669,43.605248,0.0 

Gare Saint-Roch

3.879671,43.605248,0.0 
3.879251,43.605404,0.0 
3.878755,43.605589,0.0 
3.878096,43.605849,0.0 
3.877679,43.606009,0.0 
3.877317,43.606174,0.0 
3.877219,43.606220,0.0 
3.876791,43.606376,0.0 

Observatoire

3.876791,43.606377,0.0 
3.876417,43.606517,0.0 
3.876012,43.606665,0.0 
3.875549,43.606859,0.0 
3.875009,43.607097,0.0 
3.874761,43.607218,0.0 
3.874632,43.607300,0.0 
3.874558,43.607334,0.0 
3.874515,43.607347,0.0 
3.874435,43.607354,0.0 
3.874388,43.607351,0.0 
3.874352,43.607341,0.0 
3.874313,43.607327,0.0 
3.874270,43.607305,0.0 
3.874255,43.607293,0.0 
3.874219,43.607259,0.0 
3.874195,43.607222,0.0 
3.874106,43.607063,0.0 
3.873961,43.606767,0.0 
3.873885,43.606620,0.0 
3.873750,43.606360,0.0 
3.873660,43.606163,0.0 
3.873593,43.606032,0.0 
3.873539,43.605988,0.0 
3.873497,43.605969,0.0 
3.873457,43.605953,0.0 
3.873382,43.605946,0.0 
3.873316,43.605951,0.0 
3.873260,43.605970,0.0 
3.873178,43.606000,0.0 
3.872871,43.606164,0.0 
3.872245,43.606481,0.0 
3.871722,43.606749,0.0 
3.871334,43.606942,0.0 
3.870877,43.607174,0.0 
3.870456,43.607386,0.0 
3.869997,43.607621,0.0 
3.869819,43.607707,0.0 
3.869466,43.607886,0.0 
3.869040,43.608097,0.0 
3.868755,43.608240,0.0 
3.868610,43.608310,0.0 
3.868122,43.608560,0.0 

Plan Cabanes

3.868126,43.608558,0.0 
3.867908,43.608667,0.0 
3.867680,43.608783,0.0 
3.867532,43.608869,0.0 
3.867464,43.608909,0.0 
3.867322,43.608975,0.0 
3.867128,43.609044,0.0 
3.867000,43.609082,0.0 
3.866879,43.609112,0.0 
3.866725,43.609140,0.0 
3.866474,43.609186,0.0 
3.865932,43.609288,0.0 
3.865307,43.609399,0.0 
3.864850,43.609482,0.0 
3.864473,43.609554,0.0 
3.864205,43.609602,0.0 
3.863784,43.609683,0.0 
3.863458,43.609742,0.0 
3.862912,43.609827,0.0 
3.862769,43.609853,0.0 
3.862533,43.609887,0.0 
3.862311,43.609919,0.0 
3.861572,43.610012,0.0 

Les Arceaux

3.861571,43.610012,0.0 
3.861437,43.610024,0.0 
3.861131,43.610067,0.0 
3.860986,43.610077,0.0 
3.860680,43.610108,0.0 
3.860412,43.610129,0.0 
3.860174,43.610157,0.0 
3.859778,43.610217,0.0 
3.859366,43.610293,0.0 
3.858965,43.610369,0.0 
3.858614,43.610437,0.0 
3.858374,43.610487,0.0 
3.858253,43.610502,0.0 
3.858080,43.610522,0.0 
3.857954,43.610531,0.0 
3.857702,43.610529,0.0 
3.857232,43.610483,0.0 
3.856638,43.610415,0.0 
3.856082,43.610382,0.0 
3.855532,43.610334,0.0 
3.855021,43.610279,0.0 
3.854903,43.610263,0.0 

Astruc

3.854962,43.610273,0.0 
3.854817,43.610253,0.0 
3.854509,43.610222,0.0 
3.854101,43.610187,0.0 
3.853331,43.610158,0.0 
3.852591,43.610164,0.0 
3.851912,43.610207,0.0 
3.851274,43.610281,0.0 
3.850882,43.610341,0.0 
3.850421,43.610395,0.0 
3.850011,43.610450,0.0 
3.849477,43.610570,0.0 
3.848978,43.610696,0.0 
3.848265,43.610865,0.0 
3.848023,43.610918,0.0 
3.847717,43.610989,0.0 
3.847412,43.611073,0.0 
3.847178,43.611160,0.0 
3.846972,43.611265,0.0 
3.846706,43.611411,0.0 

Jules Guesde

3.846752,43.611384,0.0 
3.846489,43.611527,0.0 
3.846317,43.611619,0.0 
3.846044,43.611819,0.0 
3.845875,43.611962,0.0 
3.845757,43.612042,0.0 
3.845561,43.612164,0.0 
3.845395,43.612261,0.0 
3.845167,43.612364,0.0 
3.844654,43.612594,0.0 
3.844504,43.612656,0.0 
3.844263,43.612733,0.0 
3.843863,43.612844,0.0 
3.843302,43.613003,0.0 
3.843222,43.613021,0.0 
3.842981,43.613081,0.0 
3.842822,43.613114,0.0 
3.841653,43.613297,0.0 
3.840883,43.613423,0.0 
3.840301,43.613512,0.0 
3.839950,43.613524,0.0 
3.839692,43.613520,0.0 
3.839663,43.613522,0.0 

Tonnelles

3.839647,43.613522,0.0 
3.839475,43.613521,0.0 
3.839258,43.613524,0.0 
3.839201,43.613526,0.0 
3.839098,43.613546,0.0 
3.838973,43.613630,0.0 
3.838929,43.613685,0.0 
3.838920,43.613731,0.0 
3.838914,43.613765,0.0 
3.838926,43.613803,0.0 
3.838944,43.613856,0.0 
3.839048,43.614011,0.0 
3.839217,43.614273,0.0 
3.839402,43.614592,0.0 
3.839551,43.614884,0.0 
3.839656,43.615121,0.0 
3.839761,43.615344,0.0 
3.839892,43.615577,0.0 
3.839976,43.615679,0.0 
3.840309,43.615926,0.0 
3.840575,43.616125,0.0 
3.840630,43.616177,0.0 
3.840664,43.616228,0.0 
3.840689,43.616289,0.0 
3.840691,43.616349,0.0 
3.840681,43.616410,0.0 
3.840648,43.616468,0.0 
3.840600,43.616522,0.0 
3.840411,43.616689,0.0 
3.840200,43.616887,0.0 
3.840042,43.617071,0.0 
3.839876,43.617291,0.0 
3.839695,43.617534,0.0 
3.839425,43.617892,0.0 

Pergola

3.839425,43.617895,0.0 
3.839177,43.618190,0.0 
3.838929,43.618486,0.0 
3.838727,43.618721,0.0 
3.838393,43.619120,0.0 
3.838083,43.619491,0.0 
3.837835,43.619784,0.0 
3.837699,43.619942,0.0 
3.837540,43.620126,0.0 
3.837261,43.620441,0.0 
3.836908,43.620841,0.0 
3.836550,43.621264,0.0 
3.836398,43.621485,0.0 
3.836262,43.621678,0.0 
3.836181,43.621787,0.0 
3.836117,43.621873,0.0 
3.836055,43.621948,0.0 
3.835902,43.622140,0.0 
3.835853,43.622196,0.0 
3.835800,43.622239,0.0 
3.835764,43.622261,0.0 
3.835731,43.622276,0.0 
3.835693,43.622289,0.0 
3.835647,43.622299,0.0 
3.835603,43.622305,0.0 
3.835539,43.622306,0.0 
3.835449,43.622295,0.0 
3.835431,43.622291,0.0 
3.835395,43.622279,0.0 
3.835362,43.622265,0.0 
3.835324,43.622243,0.0 
3.835268,43.622199,0.0 
3.835018,43.621995,0.0 

Hotel du Département

3.835014,43.621991,0.0 
3.834790,43.621808,0.0 
3.834544,43.621595,0.0 
3.834310,43.621372,0.0 
3.834060,43.621142,0.0 
3.833669,43.620811,0.0 
3.833401,43.620586,0.0 
3.833123,43.620357,0.0 
3.832879,43.620147,0.0 
3.832692,43.619990,0.0 
3.832591,43.619914,0.0 
3.832425,43.619805,0.0 
3.832056,43.619573,0.0 

Pilory

3.832060,43.619572,0.0 
3.831852,43.619443,0.0 
3.831444,43.619200,0.0 
3.831380,43.619156,0.0 
3.831212,43.619065,0.0 
3.831072,43.618991,0.0 
3.830963,43.618939,0.0 
3.830790,43.618847,0.0 
3.830579,43.618741,0.0 
3.830404,43.618648,0.0 
3.830253,43.618586,0.0 
3.830111,43.618521,0.0 
3.829993,43.618478,0.0 
3.829783,43.618398,0.0 
3.829571,43.618325,0.0 
3.829226,43.618205,0.0 
3.828860,43.618081,0.0 
3.828399,43.617932,0.0 
3.828003,43.617809,0.0 
3.827532,43.617657,0.0 
3.827020,43.617498,0.0 
3.826513,43.617332,0.0 
3.826358,43.617283,0.0 
3.826250,43.617231,0.0 
3.826155,43.617177,0.0 
3.826095,43.617122,0.0 
3.826022,43.617044,0.0 
3.825945,43.616958,0.0 
3.825886,43.616876,0.0 
3.825860,43.616822,0.0 
3.825835,43.616757,0.0 
3.825822,43.616699,0.0 
3.825817,43.616630,0.0 
3.825824,43.616481,0.0 
3.825832,43.616389,0.0 
3.825847,43.616229,0.0 
3.825845,43.616076,0.0 
3.825849,43.615858,0.0 
3.825860,43.615534,0.0

Celleneuve

3.825857,43.615532,0.0 
3.825865,43.615326,0.0 
3.825865,43.615208,0.0 
3.825833,43.615116,0.0 
3.825786,43.615067,0.0 
3.825721,43.615023,0.0 
3.825649,43.614996,0.0 
3.825521,43.614982,0.0 
3.825177,43.614979,0.0 
3.824831,43.614975,0.0 
3.824491,43.614980,0.0 
3.824197,43.615007,0.0 
3.823882,43.615043,0.0 
3.823463,43.615092,0.0 
3.822699,43.615178,0.0 
3.822401,43.615214,0.0 
3.822188,43.615236,0.0 
3.821980,43.615261,0.0 
3.821759,43.615300,0.0 
3.821589,43.615332,0.0 
3.821397,43.615377,0.0 
3.821111,43.615434,0.0 
3.820689,43.615499,0.0 
3.820425,43.615541,0.0 
3.820301,43.615571,0.0 
3.820144,43.615617,0.0 
3.820005,43.615690,0.0 
3.819979,43.615715,0.0 
3.819940,43.615769,0.0 
3.819801,43.616031,0.0 
3.819656,43.616330,0.0 
3.819522,43.616606,0.0 
3.819408,43.616839,0.0 
3.819268,43.617102,0.0 
3.819188,43.617211,0.0 
3.819105,43.617317,0.0 
3.819018,43.617385,0.0 
3.818945,43.617419,0.0 
3.818868,43.617446,0.0 
3.818782,43.617459,0.0 
3.818711,43.617462,0.0 
3.818613,43.617444,0.0 
3.818416,43.617394,0.0 
3.818228,43.617345,0.0 
3.817906,43.617271,0.0 
3.817825,43.617245,0.0 
3.817784,43.617234,0.0 
3.817717,43.617200,0.0 
3.817632,43.617090,0.0 
3.817627,43.617065,0.0 
3.817630,43.616995,0.0 
3.817642,43.616940,0.0 
3.817673,43.616876,0.0 
3.817829,43.616565,0.0 
3.817973,43.616270,0.0 
3.818104,43.615998,0.0 
3.818147,43.615910,0.0 
3.818182,43.615822,0.0 
3.818192,43.615761,0.0 
3.818188,43.615730,0.0 
3.818171,43.615669,0.0 
3.818147,43.615612,0.0 
3.818098,43.615561,0.0 
3.818037,43.615514,0.0 
3.817970,43.615479,0.0 
3.817929,43.615463,0.0 
3.817772,43.615415,0.0 
3.817497,43.615343,0.0 
3.817174,43.615255,0.0 
3.816675,43.615122,0.0 
3.816149,43.614979,0.0 
3.816114,43.614972,0.0 
3.815816,43.614926,0.0 
3.815649,43.614920,0.0 
3.815475,43.614920,0.0 
3.815393,43.614927,0.0 
3.815350,43.614933,0.0 
3.815188,43.614975,0.0 
3.815008,43.615061,0.0 
3.814825,43.615167,0.0 
3.814647,43.615341,0.0 
3.814496,43.615564,0.0 
3.814376,43.615798,0.0 
3.814317,43.615942,0.0 
3.814280,43.615999,0.0 
3.814186,43.616071,0.0 
3.814003,43.616153,0.0 
3.813714,43.616279,0.0 
3.813416,43.616405,0.0 
3.813044,43.616561,0.0 
3.812489,43.616799,0.0 
3.811769,43.617106,0.0 
3.811253,43.617325,0.0 
3.811206,43.617335,0.0 
3.811133,43.617358,0.0 
3.811057,43.617384,0.0 
3.810972,43.617410,0.0 
3.810891,43.617432,0.0 
3.810809,43.617448,0.0 
3.810727,43.617457,0.0 
3.810643,43.617462,0.0 
3.810341,43.617441,0.0 
3.810085,43.617426,0.0 

Juvignac